12345

21345

31245

13245

23145

32145

42135

24135

14235

41235

21435

12435

13425

31425

41325

14325

34125

43125

43215

34215

24315

42315

32415

23415

53412

35412

45312

54312

34512

43512

13542

31542

51342

15342

35142

53142

54132

45132

15432

51432

41532

14532

14352

41352

31452

13452

43152

34152

24153

42153

12453

21453

41253

14253

54213

45213

25413

52413

42513

24513

21543

12543

52143

25143

15243

51243

51423

15423

45123

54123

14523

41523

31524

13524

53124

35124

15324

51324

21354

12354

32154

23154

13254

31254

35214

53214

23514

32514

52314

25314

25134

52134

12534

21534

51234

15234

45231

54231

24531

42531

52431

25431

35421

53421

43521

34521

54321

45321

42351

24351

34251

43251

23451

32451

32541

23541

53241

35241

25341

52341

